This line is a comment block. Write whatever you want here.
This line is a comment block. Write whatever you want here.
This line is a comment block. Write whatever you want here.
This line is a comment block. Write whatever you want here.
This line is a comment block. Write whatever you want here.
This line is a comment block. Write whatever you want here.
This line is a comment block. Write whatever you want here.
616dfa548769758405aa9214979f233b3026d2e0b06c0e1d0c213c24c352ef00 3 3 6051 0
5dfc15e42ffb4175cfe13848efd6a403b65c58fdad36795a34894400e75f0ea7 4 4 1512 154
b476c7f05279565c1c80a2f29a33c1701312d571791cedf63ef6f7ef0469becf 3 3 6543 0
dcd5929832b37cadbb15a3ea0e9149b1584cf961c5acd90332e5cc9fbe39f5f0 3 3 444 0
cfe1b07155de7879c2dceb9ff4299e6ba1e9b17e189b3cf37b438daad74da075 220 0 0 0
8082f646571b3923b4b19d469fb1aa5de460c70347642c862bd1c540a77b93ff 7 7 1965 132
ae1a5bdf1d705f6041fe086f52649aaec7a347905a9dad8b8a921972d7cacae9 3 3 388 0
e72982e01a82408c73c1322d8e660a0e07098d453b3b1c4461301522e13739c5 4 4 771 81
cdc4a3c446f49fe2f593fb37138ad34bcce1c48397e54d5ae333adc6045048ad 2 2 2631 0
763fa3b2bd4d7d54e7cd51d9b984a703ba2ba436749ed95e13d0bb7a211ec4f2 2 2 79 0
10c75aa296ec2b6a9ef60000075e3e4aa8eea778b6f45a494c1a6d7e1d965cea 9 9 5119 309
c64079de95919b9c1870216867462995ed4414dca01d68deeb55e7a45fe2b297 2 2 842 0
3b94d85637da48b65476aa20956ba6a93ef51f6b79c228370cc7bddfa14bc204 1 1 1134 0
7d1097c07b4d29be7f6030b8606f0d0e1732f1cc3667ee1e1c86b683030caf19 3 3 105 0
084c931440b1590bab94e78b1862f34d2324a8519ac14587551e3077e23df96c 6 6 355 4
70aa28a4ae3af4705cc947a6971678696eab38f72c07435589fce3e8a9a3ab72 17 17 1848 537
0f36a16e9f78efce37ba382468ff276fd7c34b675d399eba2e2dbd8c9651261f 1 1 253 0
ff804f66e0f6457514ab954d16de781707b03d8c65bef43672432eadd2fb463e 3 3 29948 3
2091542ae99b9345b865bfe9e04e686857449b736590963ca9d496f453651184 3 3 16981 3
ec202c5821f0a783d4c4b8e605efa70ca3adaa92f7e243aeefdfe2425bd2c977 3 3 3351 4
f6f38a0167a341e449719e309ab6bbe6b28f3467417109575591cfc48c72578e 21 0 0 0
0f74d82dd44c2084200f7c0c941c0ef34e7716bc6d9d8b0eb89796888708db68 54 0 0 0
ac4d621d364bded3396300be960554fb3a73af04fcec25f4a6277ccfe4527f72 3 3 617 32
975ccc5614c614eacf2a99b5bf7ae352ab27accaf2607bcb37cffd86fe10de8e 14 14 16690 1129
82935acddc443b36c75581e0e949ad454173fa3ed90e27963c5d9181a6192589 2 2 191 0
70f81b2414c2253ba438f53130a9b9fd205584647dec3f165b548c8daef32b33 2 0 0 0
257954f88f7f260f3f6a3219ce4ae8d5074df57ebec663219ecc53856d7313d8 2 2 1362 0
597734e1ab1e64609b973bc764ed26e93e475e804e94e85944eff35f8aac4cb8 20 20 1832 92
54b5c06a10f2e8e6ea5672723426850493ffd7704beae50f64a27fcfa1954e9f 12 12 5339 13
6deb2c189af2f2b8d6dd28dc418d48d7f2788397e44f0055a9de880fa51f0865 12 11 683 10
f7a46e7d6a7cb4e49e6857a53ceb83f04b274747b1c5508701432e7bcc319883 6 6 152971 8
d14a0b36fa2ff775667c010d138a95c07d32505708a2d0486f9c8fc345b92c1a 10 10 28101 3
20efafb29e72012ddfd6cf89de4c5be01ec1ee7a033f12f70e3fe1e32f59677f 131 0 0 0
be9b6b6a8ff97c95a2bef1dafcf6673caa69a475e94f5b87635a100572729bb4 2 2 67755 0
d29fc4ece472169947449cdaf60b25efe60a56e3f547a820d7d0058bcd9b66e9 2 2 3345 0
b7f60b82c27a88ee53229f05ffdcff412a9d1cf7723c1cd0d574ee9273e8eaf4 5 5 535 1
65c4d719024cd8598e4e5f7c3378fafec3962f5650a9179d53b5fb505f075808 6 6 542 14
9b4640dec0fee6db1dcd0423ea8345c2007c1d8a72d681b94567c178b504d5c4 3 3 572611 3
ad0b52a1ba7194ee9d1961c02f33c990701ee3024facdedd1b3e7e36c30d0c22 6 6 573573 523
02c351d5d432ce7bcb04dcbb68ebc6afe6d67b8c417c1ac5de344d67b44af17b 9 9 1265346 129
0695e7e0144802b3e0a40225ac23bc1cd85dd31a7dc456a9ab2f53a3fed7ecde 77 69 834053 15293
05e78d7910997b403329e2f319dd3c04753a58d9d7497f6a37bee0908489faec 242 235 119171 7175
dbf7e8cc739350670dad11b8351a2450fafb3071ae906ac3daeb9dcee7e2d14d 3 3 584 53
5e81736467db43aa279a6248b4b78bc746549c41eed5f4194fe1fdf4920da494 133 133 33523 5737
2bd7818d9c8bb7b96672b54de30e24acb88b07b64109e17b8368840208ddc9d6 3 3 673857 2
269de1a9b1d0aff113292c6f4508306e28adfe7d3881eb5b1da4a4812e9a0963 9 9 599300 433
38e3d7cdace739837650ea240ca6cec0e33234938dd6cde941d04c7a373c90a9 3 3 575601 111
4301153b88c4fca610b85b35e69129ded7491edb5c2eca9208da9e6392ead374 4 4 596149 15
f0f459294baeee6e3f1d38a324454c1b987a5838ca0b74ec89599268e3323228 5 5 573624 217
fdb925ff567a0a4f0949df42c8b58a765705fcf06f8b4832d102c74e54346fb0 24 23 179 123
31edfa177a2da94d90563cb790863a82cda646399f7fdb6993e274bd11b5f7ec 5 5 197 3
c2eb2b4e720c239f99c535140577174f9664c9318483e74b90fc74ac381a353b 3 3 68317 181
e135e15d5c81876b28802f426643e380ad8abab9b99f29552990d4c1b051a62e 61 61 714 77
72715441f58b58d4f14b9173612600991bc2662ed13a744d9c8a7f99c364b1e7 4 4 358 7
65ebfc80354f0893e4988efad359fa39252d0a7f65adf4aa98ff14057ed860b7 89 83 1637325 9007
a7c8d55d2018180b3cd374fad93493c8d8a2d2c64fd41c9d882b9bde05945d10 17 17 588896 910
3d4f0597174c6019368074f2a3b65d42261a44885bab0c723a15dd7aba3ceecc 5 5 320 225
5bffc698b3cfc5225d21623aa3f8eb6a53cd216e5341239908acef9441821a25 2 2 404 26
d7cac1f9b4d99393a2e208be4c53e5cc03a06d417e3a9cb3f53731873489abd0 4 4 528 0
77e40c73f1a31525e2946bf0c40168b100685719f5e2baae519492b3228786ad 7 7 993 249
ffc3b96fed37852967f39810b9cf820f67b6fb15ed899096844ea2ee545226ab 2 0 0 0
4b5471edb5c2533f1e5605a964c08f9eee4d35d27c35c44923b519cb1c6ebbb5 12 12 6500 1795
d7865b4e85cb9e8a9fb543660fbe7c4cad6ff7ded0d6d9ed7cf44031518ee90e 3 3 5 1
3cf4d8bbfbbf20c9c100c5e733e7b3935b8461d954c0338a311f6c60ea57f351 2 2 22 0
8ae68dae6183802f69e2271789295e240c3bf1d1fb8f89bf509ee98b09f37621 2 1 2 0
80df603f6b2b4899118731a8fba9603fff853005773400e0ae371c548f307bef 5 3 1540 26
3b245bf2cfc64df8ad6238d4803c1b1746a0109002d51be1116b4271f3c1078b 6 4 755 34
d549be80593b9a7cf1680c66624353a619c8d0af932162ca45e5c5006384a19e 1 1 129 0
271424187be32ca962f702285c0e6547580841202946bdec4e87148f4c2eaeff 4 4 2258 0
cc6390a5b9e24d770ab896344146efe92013b3154b8161d7fa13ee27a96bf616 5 0 0 0
dcd81d3306d2304c068325c26738b36fc397e50a90bff22665fe691004c32acc 17 17 3229 2
5e2b368dcfd9a2b1fe0d4727f5bc449c0a4990423040b6ceff150f3604b1c27e 6 6 194 22
01a22e54b2273266603cf15a25bdf36791695032c44de75dafc991cf0d8b582c 11 11 982 191
03a9ed40ced402d96e87212ff49b554c43cb8adb460aac09d7938641cacd0c80 4 0 0 0
e5c8be30de218cd06dd7b32b8492b51f42e407e9f8ae36d63f09b5aa8fb5fb13 4 4 9338 0
99cdae950fce6f6add38782f0997d36d769bb84a4f9a3284b149695385e62ca3 33 33 1085 683
798dd26327237099e3af947b0bb2227dc25f9376dff497829a8e4209e0b01cdc 13 13 8049 8
14f7f7bb9d5cc9eb486a8bb2eb5963f5a9eb8381ad438fbe64e23e1eac1c42a2 4 4 492 2
6663f36bb075bb3aacb6406cb1362d1d862b4d2684ec0fc2d2d74ef4aa4d2bae 15 15 131275 723
7a6fe1fcc7cb34d5d5467b5341c6ccd84fdbab0f9c5cd3116292381815e65224 21 21 468 45
b777f67de065ea138355964af453c1e49fcf862bba0f12b4bb0d18efeb6ef749 112 109 1425 596
bccd2b246d39d910dc02861e5e5ff25704ea381b80a437643b4f28ac82ce1013 4 4 153368 145
a47fc1da1cf102f657b86cce6912fde67278a159c2f79fa902ff3b92d45a23a9 3 3 3005 1
930e3cd78d495fc11359d5416b5c6b119a048cbe8549c29846155a33a81a4341 1 1 131 0
cddc2979d19d36b20c169300576f64b98049e0ecdb6a86a1504514df309ae845 1 1 131 0
7bae96f367b753a023628c3a149efdc640e35e8ae5ee78f9940e05218ccd48bc 5 5 1411 10
c54808b527d964fa3fa1c21c6ad8e2e887d0246a77055dfa349393d6306942f1 8 8 667 16
2fb93056d73d9c8ac740477fe7a8da392f580c73a0c06d23feae15ebd731de84 2 2 138 0
cc849ec2151bd625a6710839c593fe78144383bea07449c17133b8f0c2acf0f9 1 1 131 0
6152096604304528047e61626594d8f4a05d2f0c5a97eec2eda5524e93263b7d 3 3 1180 1
359d763bf6c302690212cfeeabd785b32464117e089bf176d8c8f1ed670dfcae 7 0 0 0
91f43a9d6bea67b087fb23c3bd406fcfd463fb562554af47810a9369f3fa4028 10 10 573 64
664007a38a51e029e912c118b91d9e2abb26a6ae936b6b37bce6ea7afe3ec108 15 15 9418 1412
ff9df1eff4f8b63c0f0518d636f8d31a27c10687d2f98763afdca4926a19e168 11 11 222 16
590715090949402635a5695b7ea16de4bffcab33405bf99b8f776de725145cd9 5 5 3352 0
2100e205bc0769e1e2e35c4361131602896d4c63d2ce1a1f60fcdc06ff0f1d74 1 1 1633 0
80a2842498bf35782904ef4a729b073de388c122de59b74edac0642b8a3c5a40 20 20 21959 3285
d42bf192a39431c4566c9c5202b2817f0b2b4e16ee64a68a2a3282f9ca2ebff4 10 10 829 21
807921cc1673557628c2430e3b19fca4ab28423f8ce649fcee3935091e813275 11 0 0 0
4155273a900e6de2435ecdca97fd67a34e1882beca09bc9d5015302b9dd1227d 12 12 849 152
012c4a9c2a6f6e9aae3f766d4b1f62a321beed4a865d8cab588c2378352d5648 123 123 7286 4256
e894c7fd817496434400c7e540e712eb51feb578eaa13356788d12ee3208ae89 7 7 1632 42
cb7686c5d5138462f088fd1d961875828c566dbf59fead9ac51e4786266b6d30 2 2 54 0
9db3aa06ef998ccbf12ad3535f022a4298fa45c51f9c6e17f6d2adcbd01e9bdb 5 5 347 18
e884e3fe90064f909e6afd99ebbaf70faf6c332e22c75b0022f9c43071ef0069 1 1 130 0
4a61d796661d39eccae79153d0eae8beb0324bea78b08b92951735a86e3f83c4 3 3 342 16
a8e60763e6b6ce51ada80429e246317a40044e9d26fe1619a8533d9197b424c2 6 6 12773 111
610e2f4f4c37829f59fb3b2a6a69cc0f90d1b0d91c0e8f4854c58acf9ac64366 585 3 89 58
25af5bba6f37fe1907fdcc281766b769107d83f2f27fe4a60cd92e0518007ca7 213 0 0 0
56b274feee5b48ccb8e1da48ad11a1c30595b5a04ff1d0641bbd3aeeac87ff6e 2 2 121 0
9757c84de4b301bb1cbb8e8528f8bad479ef5413bb8f19af2f5ba48cb0f96a3a 1 1 2 0
f91a553ed0cd6c46f0d9fb2bb3b70c8ca2036d7bddb7b5310a321dc6c41675d6 1 1 2 0
f2d9fbab1f98f0aeae88726ed1d5f741a62953ba2ff13d21aea78aa3f0c6d726 1 1 131 0
cd675a77a0ec7d0170fa5a6b72ffcbd149322db308be71d84215cc50abd38953 2 2 2014 1
ec9e169150f4f946a4a04b88e07e91f8096c3141f4f7e4c46f1c6704fd6e90b4 14 14 64 31
09d4559b8da60811fc00dc4dd1c44638fc7d31f44dd8f982a2900968c68a7720 59 59 3986 591
645688e3e06bb07779d06b95b887cc69ef27a6489f88660ee04759bdd43e8c0a 88 88 23633 21043
b4454ab90a450def7f8e5bdb6b094e563a61896856b093297018c0f41dacc37d 3 3 780 0
67b350deb5444a3134a960401f0250fda0a7a3fb986fbe5d4b688126e02a9827 1 1 130 0
4445321e0baefaa99852e70ab55607cb091a714bd99585596f9d862cac2c83dd 1 1 131 0
f1482b4e5b7d18e7daebe89204152f2bdeee235c27c3c7dd189a5c2771427491 14 14 187535 131665
7a9bd2321f7e8e9e5e0dfcff7844952466915c88f7e9abccbae3b8a9f1610a0b 1 1 131 0
701cc720f5105c4c2877d9068f5058f58fd22ecdb0b7d54353a2eb145fa71997 6 6 5573 16
c5b78c4974a47227aa7b0dca76c1da4d8a217ae083eab6d43b14f29affb1fd0d 2 2 275 0
9befcedcf1ae7a3f1a515dbd34eb2e78d5841086ffcd9da94a714b995c889534 1 1 2 0
94dadc83f21ee7693cf93f09089a08e9c0cf3d8b4aae28313e24e1bd592cda26 1 1 129 0
0fa2893c6ea2be833adfabc70ebded43c5a8b44ae52271b4d75151ee8cbf2625 2 2 10 0
59d307b23c7664bd0beb9a27a33bba93903188d371e00ae89635edbbe287cb6e 4 4 45535 68
5a36c010f7b99bafd1d4bc5c54f26311d1a7f84835a492a740e2cf63c84207de 12 12 39522 37123
52c7d085f24cf951829182b6c45363a7c20bdbdb9fb6f05ac1721f66a37a8a96 2 2 1616 0
407ee167bc61c2cbc6a6cd63dab051defaaad3d86614953f01e10f9a939ffe28 2 2 265 0
6d73d772e729fdcebeb37a9742598fe5f95e2a88d86c54b329fb8d2f59dc260d 314 314 15062 5129
a6d11bb627fe205455b91f97be5bc05c0c62735782a48a8d206b029970e9978a 216 216 482 4
a09eca39130651658e32d87e226580082094b261f6efd11929c928ae5c11712c 2 2 567 0
603bef7d1d9e596c01ce712ecce387ba1d535fb9951adcf6fd66e34a824fb401 13 13 45903 2309
bcf817e3eb29c7875879207a0f0a37217cd243df655502138db709504c2202ca 3 3 187 3
0331c9426aafbe1c01cf0a7866ed9538f88a8246580c54fc0090312da3372ec4 3 3 201 0
0123ff3e10dbd2b5a89d81ef9df89013c6a28d3fc87da21c28b01f058fb9667b 4 4 168 7
68e7628ad4940fa000bebcc1150c3f170e03139917f34fc6d2d7514fb7cf04a7 6 6 268 2
71c06fe6b7659d8a25416ac5d04db5714980065e5756b4ed191bf4c9b4871a7f 7 7 486 40
401fa71b0efb05e6261cfabd0bf6a90268e4c69c2008fb246ac379f0235b832d 3 3 137 1
f89163a7d7c360631e1f77eac0a04fb19641e6b8ac58ce5caa437e41cd037779 17 17 722 277
f5c74ee5cefcc01c1a6f91a800cc79250f8ec3bd4a77dd6491eabbb468425323 10 10 335 76
055fda49284c07f73ac756fbd8ec803cf3f5334d394a8c45a88020548512afb3 1 1 131 0
be88e0f4b4921e87625cc1f7e5d27438b52eb584cc286bb092b14669bfb1c98a 9 9 247 3
8eee52941a1f397e96bddcef521a4c816b60b1f0aa98c563cf51520bad3a880d 1 1 130 0
010e346bf4dc9fa766249a41e3058b14190d0ac78c347c4845fbb416bd6cb705 2 2 62 0
3a26aa0da957f5f5dc411908d2321270ec38a4070ed4cd2bd822d4e9a91abd93 1 1 131 0
f814cba68eedfbd34699b7b805d0106e8b0a68c52b8abf695584167c72e7549f 1 1 131 0
556cbeffe36de98586201017ed77b8a9b585f474474607ee3c2dbc5e4901db4b 2 2 279 0
ab1f4ae65f06f86aa19db391eb368af392f16d7de1cac31e866acfc881251615 3 3 992 16
35c4cd4093787726ef723096271efd5c7773c9330aa3b5495fb2554ce1d8e84e 5 5 29504 7
ee4cdf1062ca7517f7ea4c45e0d15332e2773f73433bf11c2c47e5c0105feb30 1 1 131 0
43059c4ab005c91690a53539f9c5f1c1026e03d1d376b1cd33c7420ed53b7f6c 18 18 616 43
766ad09041fb5a0fc24411dadc5a71f88166c14224fe242402036a15e11c43d4 1 1 130 0
b8806d3da984fb6231bc329ae1f4be1b393abb5426c0868de0918053b4152ea1 2 2 8 1
5fc3b564227ff9bb84b98e9f20ebcc2f52fe2ee69182a8df9ee83642aa4985bf 1 1 131 0
61d31340f70e3c1d44a33506831fe14713d83d4a71193f61431ccaad1ddfbed4 1 1 2 0
4f81265e08b57690b3cf8eff450ff01749661b45b491b6d211b414d4fb2ecd5a 268 268 279108 44201
55c510586c489b4a6aefa0d18997e0409bb2cd1ae5901e036fcbf4658cf741dc 5 5 18 1
c62d585818a3925a609e366053206b5be4518f4c89bc94f9f554fe5fb2be7838 3 3 119 30
afd0c4fa4506d1eeb26ce73c8475f010631791c25f4a79325e2386a6a9e0b0bd 4 4 145 0
ca19c1cac374dba25e0ce3bec6c02b59963e9fa14d5abfb83215b866a2b59812 1 1 130 0
68d6452f9c12df5e4bf56eb890e063ecbb76b9c74f7d57ade72844c2f33050f5 1 1 130 0
8c9d8e945b5c4564547bc410b4344c740bfcac1390e88a29e8de4458f9f7bc92 4 4 329 106
e753f84d85d90a19b12d8d4caf9c139b0ab99847844ab21ad29dd3419df80a37 2 2 251 0
87daafc8107d8b25f3e7e45aca2b79d3702a18ef5799759f802b8f00dc5f8f51 2 2 84 0
f84a964714653f6296199bd910c8a8e16565f853adecb381bac263dc6211b52a 1 1 161 0
8c4f278eca289d0861daf87585d9be79df8ff13f717d3d93906e76792c6ebfc3 2 2 204 0
5effaca9eb0b9ac831936d5746d10026d6c561e4ba5cd6aaa6ab097296fc1609 2 2 950071 0
00df20261d4427c4e0c44838e3f49c8c2cb4cc9fd856b0f4aee35ee57e9274ff 3 3 641 0
02770f036c33b3cfc54f5c57e5b3d9d3cee455293038aa611042552416e7eb73 2 2 200 0
b7a135e57c9fcfadca900b7fb26119fa59d45deb08c9b2662ae57e36f3a8bb91 3 3 3688 11
182f2cfbdbf865903fb0b612fef8d17728a4823ad2ce18e25a9ee0084dec3d07 4 4 527 46
75a5973714b67cc1740b4ea32ad52b9d698c7084c1754d0bd118a6c94843a331 2 2 272 0
fa874e97e4cd6b05e883d632f45fc47915a299c00882454b80d6e8d97e7b061b 2 2 139 0
c4655a938586f97eecbd183e8b576e989c352645b1a25a067ca9f6f932441acd 2 2 825 0
41e8f535b41c949c1713d5b7ddb67746dcc19a712a8ef3f53fa9db18edf51d50 1 1 996 0
4bf1155d3a845b6b77638fe82cbd82d2bafed28f6af8bc3d85be2dea9f5b2a70 3 3 40 3
1bf9146667b3f996d18064198756f04d0b7a9ceb830340344837be3976369617 2 2 21 0
fb5d33f24d1f484b4aa3e654a3dc8e9a0551be399a508b6f97e6ebbaacdb4e5a 1 1 33021 0
82d31e8427ce94e5780c2496831e4dbb00b9bce9daf29e3486d9967391d428a4 0 0 0 0
bca27164370a2d46397d0a995b4a4f298bcd0dd7f15248dbf995bf0f6ae46b85 867 4 64 66
16e0a73e997610d964acbdd150cfd272dac6530783e560cde223e832d6557040 1 1 3834 0
c7af24c0b34d9854d926cf6da442f7cc7385e4d305e4e4507e76182496cd2d61 15 15 6427 553
488361ea95ec5d57c7430d3b69410267c3c43a9fb66f41263846b788236871a9 2 2 1402 0
efc7e5cd3e080c278d55cf48be82521bc8e8c9065ee4b1e69e122e29060b01be 1 1 392 0
9159196bddbe00b11a22078b29dcc6d275472378ed71dba61df0f39c27da02b1 3 3 453 0
0c84ab3fa4cc961c71a4fe8a1709643c6bd64716b4949d8afd0e324e911a1c7b 8 8 1899 71
0953278f02036f957d951689561a4105ef048bb27a81531280410770894ee3ed 1 1 161 0
401305178964471da1cbabf0384536330d2989bb970073274352c62505cccd6f 10 10 45 14
2e06aedcdd8dcab7ba7ab75422f75d5f135e08f9a4e320236677199a54cbc13d 2 2 18513 11
b40465c5183f754449cbbfe4adc002256914fb5417c23838731be392ef039002 1 1 162 0
348183a59fe60d5ca16a847199cfdc1e9ea907aeaa112d399d1ec99af6ed1a6f 88 88 88 0
0dca3bcc8934cda8cebf02aa3bca101707c8e7ee0bc3b74b3670952cce331e5c 11 11 879 238
d1edcff4b5b3da75497f544d9f3f2d53587185ecf9d79a353a1fbaa116130307 6 6 817 172
c481ccefd2f15fa6d5e7a7731b68c0fa3064d4166e55eb300cd04d6a1e9c4a01 21 21 4012 510
47e86d5c7bc1a95c7b3de46d98a24c7eb2bad99016fb5b38d8ed41a366833b75 43 43 38746 19419
a74e9b8dba8f7f8807ffb86d7fdb66783cc245a467717010f1df5d193d604ef1 37 37 6738 4559
474766036f1d9a54d1f8d5a2140770b60553d393af3d27ef1dda5eec83486ee1 19 19 18834 1911
5928d4fc3a89a8b4d28975b26029a60cc4f691084d1e8ac9e3b52fafa73be0d9 1 1 1008 0
ed5385dddb9806b1c1457b825cdbb0cbf250132f5f73688eaaeb8e397a1bc2c5 1 1 171 0
09fa2008164fe4685712a2cfa22fa96cb6ab16bb1e16bacebe8847561318dc98 1 1 2 0
3915e0b5daec8356286726b0ff887dc1bf072a45d0b29d756cec4adb6666079b 4 4 166 0
84961e43c86e220000bab7a4946064ff0e731699e99bee60bba30b16e4f2c615 2 2 14989 53
25ac260187fa4c49d0471a0a2a0af17c06adf6022be1e8337f42c1496b44f39a 3 3 16438 247
93bd6f8122528ff34b5fa3f27fca2b6107dad624132ed92dc8fd26d30e280d87 1 1 163 0
51d321658f34d348bb107c9d91fc4ec84e12d2c7c75a3419ebe4af7a003b9cf1 9 9 13930 2681
cc77a00e8820a4b73e0a588e286123cf1ec480212fd2f3db92c7fa62ac0a1593 11 11 13683 347
2ab832f7884c9dbf4292459eb748a3b3129aab93f2f41086d9e9b092fdfe4def 13 13 16240 2870
d49ac7a13dcf95f426460b18fcb906eccb6bc66e6f327a7b9deca3316426fbc0 2 2 9333 3
b2b8f85f0c34233e9c27e04bf861473a7fc27625118b6849e80f759bfb87bba2 0 0 0 0
cdad938723d1e563df3b7c016a2bdbfb810f55d490ee8e42d5e7d406c1536446 339 140 108666 68269
b860b0c79b5b0b7452a99cb712b0f2ba67be5da4bd830affa3b90d8c2f5efbbf 0 0 0 0
2a4e03533afc840cd8643fa802fe5b60bf33f0c3a5087f7fe8e083a564c19a56 4 4 14714 90
3f53df5cbdd3616f0df15d53d23a139d762a90fe580d89788c9781e0449df962 231 45 57884 21029
eab6d56186cdb1486bcae712f288771c96d5c5a35d613a1cbe9381cd85235a04 2 2 197 2
8aedc971d78fde74aae8f71e0519487a3bee164643a00f801f744aac039d96d5 1 1 36 0
b54e338bfc1be035927d6874fb8fdbfeeb2c688dac253d42a0304a2b6b1d5450 1 1 11 0
7f79b7f20a3b1c43de1d5984a30b5e945494d8cddbd36033d641b5cda9c5dab7 1 1 208 0
ac285bc609d108665c054e09147c82a8b0d807365fffabb3b909879515585a93 1 1 208 0
d84b41c220d7a8f79d0f771e105de630fee10a479fb3f694aeea960d2022abef 4 4 8358 90
8921edca0652af782a8873b945fd8880a8808a3e831a1062775124577ef1b203 1 1 2 0
8a4d61aaea138d34194f272269e9011a9e7d1107777bb268e5a65971864b18dc 16 16 23090 1270
e1d863c987541bc10fcb0e924971af1eeebc384ac6d45e92b9893fdedc6ea2c4 2 2 690 0
9bb3ea7097f0827aec1b40e643dfe2474dfcbe8127a829963db49afd9944fff3 1 1 123 0
2953bb45a8b417177a53f272b05a82cf4e66473848c03b494a9fa2889940102c 4 4 22667 5602
49b65ee918d076451fe363f640dca94571ccd012d4881888dcfb0de9fc0d9138 1 1 209 0
e521dbbc55f6e9d89117cceda22c08c6e2d4f74bc4ff3379de279d12cf47ba31 13 13 14396 1983
c4ac56a706c546c8e209c25c5973d4922189b94ff72bb2a90e8e3721a03826bb 6 6 9465 46
bb20cbe99f094c8f5a2e515371585c07abca8be5e63f80605c031cd470c3f688 31 22 4251 37333
980004d605ae2f841d2b86d9ff4b03fdf64b434a6d3cd39d6b9de0a5f26692ee 1 1 1 0
1225ac2bd16901b52f1d1f25adc2531a392acb7ee525d17fbba0fcf1011bc2c0 17 17 15481 60
19409769a2e3f8233134c33c590561a91c594c1c7f8180c1ebefb71d85752d04 3 3 3021 9
c2795365362226e603600c13d18d67a5c5877ddd9adc219aa3d24bcdc4407ae5 1 1 2 0
d5f1fd85baa8bc9b1c1bdf582f6eb9107afab89ea82f8ab0a0327930a0d2b9e8 7 7 17132 290
109d84a05d619ed0db526035fad44e2e670e091f08327f15b280a9eed6824a9d 1 1 1 0
6c303e92069b49c6bf1035b9c72f36088d2423760e871cda29ab06675c63c9af 16 16 3380 235
a08188a86685168ba5d690bc856185055e06e116e3c886a75eb61b31bd679d7b 11 11 21358 1
9498a77452c8c3db994c1487e749a1ff9e2aeefe58d181f43da47fab57666725 5 5 15061 3963
453d8a4c4694148a26c07590731d6f265ec37c9f1198dd484ca81d8d5d846f43 2 2 673 0
4524975270f5943e3b0e1f95a57d3dc915e35a2eda831546b55835e41402e68a 10 10 14244 143
b23756d9b89a682cddbc78350d10d2eab0e3986d9c6ab8db7f6fa43ed151fb46 3 3 21512 20055
e0f3163606ba83fb93b3187163eeff627cf4d89f1e108071756b4b287766aaab 1 1 2 0
5a1b2598740127dce896d84ecfa6b0c0cd7eb905f280e435c27c03f189d4a025 1 1 64 0
f8b5b029d2b7ac105e1056f819424248a9300f1accf5dcc7aa6efc1367254888 30 30 4069 0
7bccab2826239a7dcca779420985ed9dbf69357678eb38d7f38148b2d720611b 1 1 64 0
b8e41a8a06a0ee4b15b9725aa20d53cc279a1561c4d6503fef918c7353010ab1 1 1 126 0
69ad99d9ddeb65af21ccec496ea25a032d04a060f20b03886a5180832149e6f4 2 2 3992 0
18f44b273d7722fdc399dc5b1d75664d5df36190778acfdbf34ba572ab41f157 20 20 14421 359
